21 0 624 260 60 111 650 313 0.10
22 0 624 260 60 111 660 317 0.10
23 0 624 260 60 111 658 316 0.10
24 0 624 260 60 111 656 316 0.10
25 0 624 260 60 111 656 316 0.10
26 0 656 248 61 94 674 303 0.10
27 0 656 248 61 94 610 324 0.10
28 0 656 248 61 94 599 327 0.10
29 0 656 248 61 94 603 326 0.10
30 0 656 248 62 94 608 325 0.10
31 0 685 244 64 98 628 323 0.10
32 0 685 244 64 98 635 319 0.10
33 0 685 244 64 98 636 319 0.10
34 0 685 244 64 98 634 319 0.10
35 0 685 244 64 97 633 319 0.10
36 0 714 254 60 80 649 320 0.10
37 0 714 254 60 80 714 302 0.10
38 0 714 254 60 80 748 293 0.10
39 0 714 254 60 80 761 289 0.10
40 0 714 254 60 80 763 288 0.10
41 0 745 261 58 85 777 294 0.10
42 0 745 262 58 85 783 299 0.10
43 0 745 262 58 85 783 302 0.10
44 0 745 262 58 85 781 304 0.10
45 0 745 262 58 85 779 304 0.10
51 0 798 297 56 94 807 327 0.10
52 0 798 297 56 94 822 341 0.10
53 0 798 297 56 94 830 347 0.10
54 0 798 297 56 94 832 349 0.10
55 0 798 297 56 94 831 348 0.10
56 0 825 324 57 97 846 363 0.10
57 0 825 324 57 97 853 371 0.10
58 0 825 324 57 97 856 375 0.10
59 0 825 324 57 97 857 376 0.10
60 0 825 323 57 97 856 374 0.10
71 0 903 468 44 73 897 450 0.10
72 0 903 468 44 73 920 493 0.10
73 0 903 468 44 73 930 513 0.10
74 0 903 468 44 73 934 520 0.10
75 0 903 468 44 73 933 519 0.10
81 0 946 582 44 84 956 585 0.10
82 0 946 582 44 84 968 621 0.10
83 0 946 582 44 84 973 636 0.10
84 0 946 582 44 84 974 640 0.10
85 0 946 582 44 84 973 639 0.10
91 0 983 739 43 66 992 720 0.10
92 0 983 739 43 66 1003 765 0.10
93 0 983 739 43 66 1007 786 0.10
94 0 983 739 43 66 1008 791 0.10
95 0 983 739 43 66 1008 790 0.10
96 0 1000 797 42 85 1017 824 0.10
97 0 1000 797 42 85 1021 841 0.10
98 0 1000 797 41 85 1022 848 0.10
99 0 1000 797 41 85 1022 849 0.10
100 0 1000 798 41 85 1022 848 0.10
106 0 1044 642 38 81 1046 754 0.10
107 0 1044 642 38 81 1059 700 0.10
108 0 1044 642 38 81 1066 673 0.10
109 0 1044 642 38 81 1068 664 0.10
110 0 1044 642 38 82 1068 664 0.10
121 0 1094 472 38 74 1095 567 0.10
122 0 1094 472 38 74 1111 514 0.10
123 0 1094 472 38 74 1117 491 0.10
124 0 1094 472 38 74 1119 485 0.10
125 0 1094 472 38 73 1119 486 0.10
131 0 1095 457 42 76 1119 484 0.10
132 0 1095 457 42 76 1118 485 0.10
133 0 1095 457 42 77 1117 487 0.10
134 0 1095 457 42 76 1117 490 0.10
135 0 1095 457 42 76 1116 492 0.10

