10 0 110 226 38 71 107 221
11 0 110 226 38 71 113 232
12 0 110 226 38 71 112 231
13 0 110 226 38 71 112 230
14 0 110 226 38 71 111 229
15 0 110 226 38 71 111 228
16 0 110 226 38 71 111 228
17 0 110 226 38 71 110 228
18 0 110 226 38 71 110 227
19 0 110 226 38 71 110 227
20 0 109 231 40 75 110 229
21 0 109 232 40 76 109 230
22 0 109 231 40 75 109 231
23 0 109 231 40 75 109 231
24 0 109 231 40 75 109 231
25 0 108 232 39 76 108 232
26 0 109 231 40 75 108 232
27 0 109 231 40 75 108 232
28 0 108 231 39 75 108 232
29 0 108 231 39 75 108 231
30 0 107 241 34 76 107 235
31 0 107 242 34 76 107 237
32 0 107 242 34 76 107 239
33 0 107 241 34 76 106 241
34 0 107 241 34 76 106 241
35 0 107 241 34 76 106 242
36 0 107 241 34 76 106 242
37 0 107 241 34 76 106 242
38 0 107 241 34 76 106 242
39 0 107 241 34 76 106 242
40 0 105 247 34 70 106 244
41 0 105 247 34 70 105 245
42 0 105 247 34 70 105 246
43 0 105 247 34 70 105 247
44 0 105 247 34 70 104 247
45 0 105 247 34 70 104 248
46 0 105 247 34 70 104 248
47 0 105 247 34 70 104 248
48 0 105 247 34 70 104 248
49 0 105 247 34 70 104 247
50 0 103 254 34 71 104 250
51 0 103 254 34 71 103 251
52 0 103 254 34 71 103 253
53 0 103 254 34 71 102 253
54 0 103 254 34 71 102 254
55 0 103 254 34 71 102 254
56 0 103 254 34 71 102 255
57 0 103 254 34 71 102 255
58 0 103 254 34 71 102 255
59 0 103 254 34 71 102 255
60 0 101 264 37 78 102 258
61 0 101 264 37 78 101 260
62 0 101 264 37 78 101 262
63 0 102 264 38 79 101 263
64 0 102 264 38 79 101 264
65 0 102 264 38 79 101 265
66 0 102 264 38 78 101 265
67 0 102 264 38 78 101 265
68 0 102 264 38 78 101 265
69 0 102 264 38 78 101 265
70 0 99 273 35 69 100 268
71 0 99 273 35 69 100 270
72 0 100 273 35 69 99 272
73 0 100 273 35 69 99 273
74 0 100 273 35 69 99 273
75 0 100 273 35 69 99 274
76 0 100 273 35 69 99 274
77 0 100 273 35 69 99 274
78 0 100 273 35 69 99 274
79 0 100 273 35 69 99 274
80 0 98 290 27 45 99 279
81 0 98 290 27 45 98 284
82 0 98 290 27 45 98 287
83 0 98 290 27 45 98 289
84 0 98 290 27 45 97 291
85 0 98 290 27 45 97 292
86 0 98 290 27 45 97 292
87 0 98 290 27 45 97 292
88 0 98 290 27 44 97 292
89 0 98 290 27 45 97 292
90 0 94 313 25 44 96 299
91 0 94 313 25 44 95 305
92 0 94 313 25 44 94 309
93 0 94 313 25 44 94 312
94 0 94 313 25 44 93 314
95 0 94 313 25 44 93 316
96 0 94 313 25 44 93 316
97 0 94 313 25 44 93 317
98 0 94 313 25 44 93 316
99 0 94 313 25 44 93 316
100 0 92 330 31 48 92 321
101 0 92 330 31 48 92 325
102 0 92 330 31 48 92 328
103 0 92 330 31 48 91 330
104 0 92 330 31 48 91 332
105 0 92 330 31 48 91 332
106 0 92 330 31 48 91 333
107 0 92 330 31 48 91 333
108 0 92 330 31 48 91 333
109 0 92 330 31 48 91 332
120 0 89 355 25 38 90 340
121 0 89 355 25 38 89 346
122 0 89 355 25 38 89 351
123 0 89 355 25 38 89 354
124 0 89 355 25 38 88 356
125 0 89 355 25 38 88 358
126 0 89 355 25 38 88 359
127 0 89 355 25 38 88 359
128 0 89 355 25 38 88 359
129 0 89 355 25 38 88 358
130 0 90 372 40 77 88 364
131 0 90 372 40 77 89 367
132 0 90 372 40 77 89 370
133 0 90 372 40 77 89 372
134 0 90 371 40 77 89 373
135 0 90 372 40 77 89 374
136 0 90 372 40 77 90 375
137 0 90 372 40 77 90 375
138 0 90 372 40 77 90 374
139 0 90 372 40 77 90 374
140 0 83 394 53 89 87 381
141 0 83 394 53 89 86 386
142 0 83 394 53 89 84 390
143 0 83 394 53 89 83 393
150 0 82 422 40 83 82 404
151 0 82 422 40 82 81 413
152 0 82 422 40 83 81 419
153 0 82 422 40 83 81 423
154 0 82 422 40 83 80 426
155 0 82 422 40 83 80 428
156 0 82 422 40 82 80 428
157 0 82 422 40 83 80 429
158 0 82 422 40 83 81 428
159 0 82 422 40 82 81 428
160 0 81 442 38 86 81 433
161 0 81 442 38 86 80 438
162 0 81 442 38 86 80 441
163 0 81 442 38 86 80 443
164 0 81 442 38 86 80 444
165 0 81 442 38 86 80 445
166 0 81 442 38 86 80 445
167 0 81 442 38 86 80 445
168 0 81 442 38 86 80 445
169 0 81 442 38 86 80 445
170 0 79 419 39 84 80 437
171 0 79 419 39 84 79 430
172 0 79 419 39 84 79 425
173 0 79 419 39 84 79 422
174 0 79 419 39 84 78 419
175 0 79 419 39 84 78 417
176 0 79 419 39 84 78 416
177 0 79 419 39 84 78 415
178 0 79 419 39 84 78 415
179 0 79 419 39 84 78 415
180 0 77 384 42 86 78 404
181 0 77 384 42 86 77 395
182 0 77 384 42 86 77 389
183 0 77 384 42 86 76 384
184 0 77 384 42 86 76 381
185 0 77 384 42 86 76 379
186 0 77 384 42 86 76 378
187 0 77 384 42 86 76 377
188 0 77 384 42 86 76 377
189 0 77 384 42 86 76 378
190 0 75 350 44 84 76 367
191 0 75 350 44 84 75 359
192 0 75 350 44 84 75 353
193 0 75 350 44 84 74 349
194 0 75 350 44 84 74 346
195 0 75 350 44 84 74 344
196 0 75 350 44 84 74 344
197 0 75 350 44 84 74 343
198 0 75 350 44 84 74 344
199 0 75 350 44 84 74 344
200 0 71 311 40 89 73 332
201 0 71 311 40 89 72 322
202 0 71 311 40 89 71 315
203 0 71 311 41 89 71 310
204 0 71 311 41 89 70 307
205 0 71 311 41 89 70 305
206 0 71 311 40 89 70 304
207 0 71 311 40 89 70 304
208 0 71 311 40 89 70 304
209 0 71 311 41 89 70 304
210 0 71 277 39 93 70 294
211 0 71 277 39 93 70 286
212 0 71 277 39 92 70 280
213 0 71 277 39 93 70 276
214 0 71 277 39 93 70 273
215 0 71 277 39 93 70 271
216 0 71 277 39 93 70 270
217 0 71 277 39 93 70 270
218 0 71 277 39 93 70 270
219 0 71 277 39 93 70 271
220 0 72 249 36 79 71 262
221 0 72 249 36 79 71 256
222 0 72 249 36 79 71 251
223 0 72 249 36 79 71 248
224 0 72 249 36 79 72 245
225 0 72 249 36 79 72 244
226 0 72 249 36 79 72 244
227 0 72 249 36 79 72 243
228 0 72 249 36 79 72 244
229 0 72 249 36 79 72 244
