21 0 -411 -262 60 111 -402 -256
22 0 -411 -262 60 111 -423 -269
23 0 -411 -262 60 111 -420 -268
24 0 -411 -262 60 111 -418 -266
25 0 -411 -262 60 111 -417 -265
26 0 -379 -282 61 94 -399 -275
27 0 -379 -282 61 94 -461 -253
28 0 -379 -282 61 94 -485 -244
29 0 -379 -282 61 94 -493 -241
30 0 -378 -282 62 94 -493 -240
31 0 -348 -284 64 98 -480 -241
32 0 -348 -284 64 98 -468 -244
33 0 -348 -284 64 98 -460 -247
34 0 -348 -284 64 98 -455 -248
35 0 -348 -285 64 97 -453 -249
36 0 -321 -283 60 80 -443 -249
37 0 -321 -283 60 80 -398 -261
38 0 -321 -283 60 80 -363 -271
39 0 -321 -283 60 80 -337 -278
40 0 -321 -283 60 80 -319 -283
41 0 -291 -274 58 85 -297 -283
42 0 -291 -273 58 85 -282 -282
43 0 -291 -273 58 85 -272 -281
44 0 -291 -273 58 85 -266 -280
45 0 -291 -273 58 85 -264 -279
51 0 -239 -233 56 94 -247 -265
52 0 -239 -233 56 94 -235 -253
53 0 -239 -233 56 94 -227 -244
54 0 -239 -233 56 94 -223 -238
55 0 -239 -233 56 94 -220 -233
56 0 -212 -205 57 97 -211 -220
57 0 -212 -205 57 97 -205 -211
58 0 -212 -205 57 97 -201 -204
59 0 -212 -205 57 97 -199 -200
60 0 -212 -206 57 97 -199 -198
71 0 -140 -73 44 73 -175 -153
72 0 -140 -73 44 73 -158 -118
73 0 -140 -73 44 73 -145 -92
74 0 -140 -73 44 73 -136 -74
75 0 -140 -73 44 73 -130 -61
81 0 -97 47 44 84 -112 -14
82 0 -97 47 44 84 -100 20
83 0 -97 47 44 84 -91 46
84 0 -97 47 44 84 -85 63
85 0 -97 47 44 84 -82 73
91 0 -61 195 43 66 -69 127
92 0 -61 195 43 66 -60 167
93 0 -61 195 43 66 -54 196
94 0 -61 195 43 66 -50 215
95 0 -61 195 43 66 -48 227
96 0 -44 262 42 85 -42 255
97 0 -44 262 42 85 -38 274
98 0 -45 262 41 85 -36 286
99 0 -45 262 41 85 -35 293
100 0 -45 263 41 85 -35 296
106 0 -2 105 38 81 -21 244
107 0 -2 105 38 81 -11 202
108 0 -2 105 38 81 -4 167
109 0 -2 105 38 81 1 140
110 0 -2 106 38 82 4 121
121 0 48 -68 38 74 22 49
122 0 48 -68 38 74 36 -4
123 0 48 -68 38 74 46 -45
124 0 48 -68 38 74 52 -73
125 0 48 -69 38 73 57 -92
131 0 51 -82 42 76 60 -108
132 0 51 -82 42 76 62 -117
133 0 51 -82 42 77 62 -121
134 0 51 -82 42 76 62 -122
135 0 51 -82 42 76 61 -120
136 0 2 8 39 74 44 -87
137 0 2 8 39 74 30 -59
138 0 2 8 39 74 19 -36
139 0 2 8 39 74 10 -18
140 0 2 8 39 74 4 -5
146 0 -97 210 40 72 -32 70
147 0 -97 210 40 72 -60 129
148 0 -97 210 40 72 -81 174
149 0 -97 210 40 72 -97 206
150 0 -97 210 40 72 -107 227
