23 0 131 59 25 78 128 57
24 0 131 59 25 78 134 60
25 0 131 58 24 78 134 59
38 0 -695 -153 294 504 -436 -86
39 0 -696 -153 293 504 -686 -150
40 0 -696 -153 293 504 -805 -180
41 0 -699 -151 294 507 -864 -194
41 0 849 121 29 84 -218 -82
42 0 -699 -152 294 507 -410 -116
42 0 849 121 29 84 45 -35
43 0 -699 -152 294 507 -188 -76
43 0 849 121 29 84 177 -10
44 0 848 124 27 84 451 40
45 0 848 123 27 83 653 78
46 0 848 123 27 83 799 106
55 0 842 127 29 74 897 126
56 0 842 127 29 74 960 140
57 0 842 127 29 74 996 149
61 0 351 411 58 58 850 246
62 0 351 411 58 58 723 321
63 0 351 411 58 59 616 377
70 0 840 135 24 67 689 326
71 0 840 135 24 67 746 281
72 0 839 135 23 65 790 242
73 0 839 135 23 65 823 209
74 0 839 135 23 65 845 183
116 0 -686 -164 316 524 361 65
117 0 -686 -164 316 524 -25 -27
124 0 134 49 29 62 -55 -28
125 0 135 49 26 59 -63 -24
126 0 135 49 26 59 -58 -17
127 0 138 41 31 58 -42 -11
128 0 138 41 31 58 -21 -4
129 0 138 41 31 58 2 2
162 0 -562 -223 277 448 -203 -76
163 0 -562 -223 277 448 -362 -138
176 0 -550 -227 279 443 -476 -185
177 0 -550 -227 279 443 -558 -220
178 0 -550 -227 279 443 -612 -244
219 0 -295 -275 52 105 -561 -274
220 0 -295 -275 52 104 -512 -295
221 0 -295 -275 52 104 -466 -308
222 0 -280 -321 56 102 -420 -329
222 0 -450 -256 304 460 -437 -322
223 0 -280 -322 56 101 -393 -335
223 0 -450 -256 304 460 -413 -321
224 0 -280 -322 56 101 -373 -330
224 0 -450 -257 304 459 -396 -314
225 0 -263 -355 56 92 -353 -332
226 0 -263 -355 56 92 -319 -345
227 0 -263 -355 56 92 -293 -355
228 0 -246 -387 58 101 -268 -372
229 0 -246 -387 58 101 -250 -384
230 0 -246 -387 58 101 -238 -392
231 0 -228 -409 60 100 -224 -405
232 0 -228 -409 60 100 -215 -413
233 0 -210 -422 59 105 -204 -423
233 0 -430 -274 305 490 -268 -381
234 0 -210 -422 58 105 -249 -395
234 0 -429 -274 304 490 -306 -358
235 0 -210 -422 58 105 -279 -376
235 0 -430 -274 305 490 -329 -343
236 0 -192 -427 59 102 -291 -366
236 0 -430 -270 313 485 -337 -334
237 0 -192 -427 59 102 -296 -360
237 0 -429 -270 314 485 -340 -330
238 0 -192 -427 59 102 -297 -358
238 0 -430 -270 313 485 -339 -329
239 0 -172 -422 56 100 -289 -356
240 0 -173 -422 57 100 -249 -378
241 0 -172 -422 56 100 -217 -395
242 0 -152 -412 57 89 -186 -405
243 0 -151 -412 58 89 -163 -412
244 0 -151 -412 58 89 -147 -417
245 0 -131 -391 62 90 -130 -413
246 0 -131 -391 62 90 -118 -409
247 0 -131 -391 62 90 -111 -405
248 0 -113 -363 59 103 -102 -392
249 0 -113 -363 59 103 -96 -382
250 0 -113 -363 59 102 -93 -374
251 0 -97 -333 60 100 -87 -358
252 0 -97 -333 60 100 -83 -346
253 0 -97 -333 60 100 -82 -337
259 0 -44 -185 45 71 -64 -282
260 0 -44 -185 45 71 -51 -240
261 0 -44 -185 45 71 -42 -208
265 0 133 -209 25 46 21 -193
265 0 -8 -59 42 74 24 -135
266 0 133 -209 25 46 71 -140
266 0 -8 -59 42 74 60 -99
267 0 -8 -59 42 74 48 -69
267 0 133 -209 25 46 83 -97
268 0 6 23 41 71 68 -46
269 0 6 23 41 71 54 -8
270 0 6 23 41 71 42 18
271 0 26 106 48 74 39 64
272 0 26 106 48 74 35 97
273 0 26 106 48 74 32 120
285 0 59 110 40 83 41 136
286 0 59 110 40 83 48 145
287 0 59 111 41 84 53 149
288 0 57 121 45 84 56 153
289 0 57 121 45 84 58 154
290 0 57 121 45 84 60 153
291 0 60 134 50 79 61 154
292 0 60 134 50 79 62 154
293 0 60 134 50 79 63 153
294 0 59 149 50 84 63 155
295 0 59 149 50 84 62 157
296 0 58 149 50 84 62 158
297 0 61 176 48 91 62 166
298 0 61 176 48 91 62 173
299 0 61 177 48 92 62 177
300 0 59 219 49 79 61 194
300 0 442 485 59 81 186 294
301 0 59 219 49 79 159 285
301 0 442 485 59 81 261 363
302 0 62 263 53 85 215 349
303 0 62 263 52 85 176 335
304 0 62 263 52 85 142 321
