79 0 782 63 30 66 766 61
80 0 782 63 30 66 805 64
81 0 782 63 30 66 800 64
86 0 779 53 33 72 794 57
87 0 779 53 33 72 790 54
88 0 779 53 33 72 788 52
89 0 779 51 32 71 786 50
90 0 779 51 32 71 785 49
91 0 779 51 32 71 784 49
112 0 -410 -291 60 107 331 -80
113 0 -410 -291 61 107 9 -173
114 0 -410 -291 61 107 -219 -239
115 0 -386 -300 58 95 -371 -287
116 0 -386 -300 58 95 -473 -321
117 0 -386 -299 58 95 -536 -341
118 0 -386 -300 58 95 -570 -353
119 0 -367 -301 54 84 -577 -358
120 0 -367 -301 55 85 -569 -358
121 0 -367 -301 54 85 -552 -355
122 0 -346 -292 58 82 -523 -347
123 0 -346 -291 58 82 -493 -338
124 0 -346 -292 58 81 -465 -329
125 0 -324 -283 52 77 -431 -319
126 0 -324 -283 52 77 -403 -309
127 0 -324 -283 52 77 -379 -301
128 0 -324 -283 52 77 -359 -295
129 0 -302 -261 61 77 -337 -283
130 0 -302 -261 61 77 -320 -273
131 0 -302 -261 61 77 -308 -266
132 0 -283 -233 59 94 -293 -252
133 0 -283 -233 59 94 -282 -241
134 0 -283 -233 59 94 -275 -233
142 0 -222 -106 44 74 -250 -187
143 0 -222 -106 45 74 -232 -150
144 0 -222 -106 45 74 -220 -123
145 0 -205 -59 47 71 -206 -89
146 0 -205 -59 47 71 -196 -64
147 0 -205 -59 47 71 -190 -47
155 0 -84 -104 25 52 -147 -51
156 0 -84 -104 25 52 -115 -56
157 0 -84 -104 25 52 -91 -63
158 0 -133 229 45 75 -91 38
159 0 -133 229 45 75 -93 118
161 0 -133 229 45 75 -97 178
162 0 900 503 31 50 236 311
163 0 900 503 31 50 498 412
164 0 900 503 31 50 699 485
165 0 900 503 31 50 845 535
166 0 900 503 31 50 946 567
167 0 900 503 31 50 1012 584
191 0 137 -39 42 88 800 414
192 0 137 -39 42 88 619 273
193 0 137 -39 42 88 469 160
198 0 -249 243 48 57 222 165
199 0 -249 243 48 57 29 173
200 0 -249 244 49 57 -116 182
