6 0 -453 -154 39 89 -444 -150
7 0 -453 -153 39 88 -466 -157
8 0 -453 -153 39 88 -463 -156
9 0 -453 -154 39 89 -461 -156
10 0 -453 -154 39 89 -459 -156
11 0 -439 -200 44 82 -451 -180
12 0 -439 -200 44 82 -446 -193
13 0 -439 -200 43 84 -442 -201
14 0 -439 -200 43 84 -440 -206
15 0 -439 -200 43 84 -439 -209
22 0 -402 -272 51 92 -425 -236
23 0 -402 -272 51 93 -414 -255
24 0 -402 -272 51 93 -407 -269
25 0 -402 -272 51 92 -402 -278
26 0 -402 -272 51 92 -398 -284
27 0 -380 -292 52 88 -389 -294
27 0 -663 -201 394 485 -475 -270
28 0 -380 -292 52 88 -451 -280
28 0 -663 -201 395 485 -523 -258
29 0 -380 -292 52 88 -487 -269
29 0 -663 -201 395 485 -549 -249
30 0 -380 -292 52 88 -505 -262
30 0 -663 -201 394 485 -561 -242
31 0 -380 -292 52 88 -511 -257
31 0 -663 -201 395 485 -563 -239
32 0 -364 -306 51 90 -506 -259
32 0 -663 -198 398 485 -557 -239
33 0 -364 -306 51 90 -500 -259
33 0 -662 -198 398 485 -551 -240
34 0 -364 -306 51 90 -494 -260
34 0 -662 -198 398 485 -546 -241
35 0 -364 -306 51 90 -490 -261
35 0 -662 -198 398 485 -542 -241
36 0 -364 -306 51 90 -487 -261
36 0 -662 -198 398 485 -540 -242
37 0 -344 -316 55 89 -479 -265
37 0 -655 -195 399 484 -532 -243
38 0 -344 -315 55 89 -472 -266
38 0 -655 -196 398 483 -527 -244
39 0 -344 -315 55 89 -469 -266
39 0 -655 -196 399 483 -525 -245
40 0 -344 -315 55 89 -468 -266
40 0 -655 -195 398 484 -524 -245
41 0 -344 -315 55 89 -468 -266
41 0 -655 -196 398 483 -525 -245
42 0 -344 -315 55 89 -469 -266
42 0 -656 -195 399 484 -526 -244
43 0 -327 -316 51 84 -464 -266
44 0 -327 -316 51 84 -414 -284
45 0 -327 -316 51 84 -376 -297
46 0 -327 -316 51 84 -347 -308
47 0 -327 -316 51 84 -327 -315
50 0 -812 429 330 217 -472 -76
51 0 -812 429 330 217 -589 113
52 0 -812 429 330 217 -681 259
53 0 -810 430 331 214 -749 367
54 0 -809 430 332 215 -799 444
55 0 -809 430 332 214 -832 495
56 0 -810 430 332 215 -854 525
57 0 -811 430 331 214 -866 540
58 0 -810 430 331 215 -871 543
59 0 -809 430 340 222 -870 539
60 0 -809 430 340 222 -866 530
61 0 -809 430 340 222 -860 518
62 0 -809 430 340 222 -853 505
63 0 -809 430 340 222 -846 492
64 0 -808 430 342 223 -838 479
65 0 -809 430 341 223 -832 468
66 0 -808 430 342 223 -826 458
67 0 -808 430 342 223 -821 450
68 0 -809 430 341 222 -817 443
69 0 -239 -207 54 92 -627 229
69 0 -809 430 341 221 -664 269
70 0 -239 -207 54 92 -510 96
70 0 -809 430 341 221 -577 171
71 0 -239 -207 54 92 -450 27
71 0 -809 430 341 221 -538 126
72 0 -239 -207 54 92 -427 1
72 0 -809 430 341 221 -527 114
73 0 -239 -207 55 92 -425 0
73 0 -809 430 341 221 -532 119
74 0 -239 -207 55 92 -433 9
74 0 -809 430 341 221 -542 131
75 0 -810 430 327 219 -631 230
76 0 -810 430 327 219 -701 308
77 0 -810 430 327 219 -755 368
78 0 -809 430 328 219 -794 412
79 0 -810 430 328 219 -821 442
80 0 -811 430 333 224 -839 462
81 0 -810 430 333 224 -849 473
82 0 -810 430 334 224 -854 479
83 0 -811 430 333 224 -855 479
84 0 -810 430 334 224 -852 477
85 0 -181 -69 39 70 -642 309
86 0 -181 -69 39 70 -474 174
87 0 -181 -69 39 70 -344 69
88 0 -181 -69 39 70 -247 -8
89 0 -180 -69 40 70 -178 -65
90 0 -159 -8 36 64 -124 -83
91 0 -159 -8 36 64 -90 -91
92 0 -159 -8 36 64 -71 -91
93 0 -159 -8 36 64 -64 -87
94 0 -159 -9 36 63 -64 -79
95 0 -159 -8 36 64 -70 -70
106 0 -104 201 58 65 -61 7
107 0 -104 201 58 65 -57 71
108 0 -104 201 58 65 -57 122
109 0 -104 201 58 65 -60 160
110 0 -104 201 58 65 -65 189
111 0 -104 201 58 65 -70 208
207 0 -809 422 340 208 -306 293
208 0 -809 422 340 208 -494 358
209 0 -809 422 340 208 -639 405
210 0 -809 422 340 208 -746 438
211 0 -809 422 341 208 -822 459
212 0 -809 421 341 212 -872 471
213 0 -809 421 341 212 -902 476
214 0 -809 421 341 212 -917 476
215 0 -809 421 341 212 -921 473
216 0 -809 420 341 211 -917 467
217 0 -809 420 340 213 -908 461
218 0 -809 420 340 212 -896 454
219 0 -809 420 340 213 -883 447
220 0 -809 420 340 212 -870 441
221 0 -809 420 340 213 -857 436
222 0 -809 420 340 213 -846 432
223 0 -808 418 343 215 -836 427
224 0 -807 418 344 215 -828 424
225 0 -808 419 342 214 -821 421
226 0 -808 419 342 214 -815 419
227 0 -808 419 342 214 -811 418
228 0 -805 417 348 215 -807 417
229 0 -805 418 348 215 -805 416
230 0 -805 418 348 215 -803 416
231 0 -805 417 348 215 -802 415
