30 0 -388 -269 55 94 -380 -263
31 0 -388 -269 55 94 -399 -277
32 0 -388 -269 55 94 -397 -275
33 0 -388 -269 55 94 -395 -273
34 0 -370 -298 59 85 -383 -290
35 0 -369 -298 60 85 -376 -298
36 0 -369 -298 60 85 -372 -302
37 0 -370 -298 59 85 -370 -305
38 0 -354 -315 57 82 -362 -312
39 0 -354 -315 57 82 -357 -317
40 0 -354 -315 57 82 -353 -320
41 0 -353 -315 58 82 -351 -322
42 0 -339 -325 62 81 -344 -326
43 0 -339 -325 62 81 -340 -329
44 0 -339 -325 62 81 -337 -330
45 0 -339 -325 62 81 -335 -331
46 0 -339 -325 62 81 -334 -331
47 0 -324 -325 60 82 -328 -331
48 0 -324 -325 60 82 -324 -330
49 0 -324 -326 60 81 -322 -330
50 0 -325 -326 59 81 -320 -329
67 0 -248 -231 53 81 -294 -298
68 0 -248 -231 53 81 -274 -273
69 0 -248 -231 53 81 -259 -253
70 0 -248 -231 53 81 -248 -239
71 0 -248 -231 53 81 -241 -229
72 0 -237 -192 59 99 -233 -209
73 0 -237 -192 59 99 -228 -195
74 0 -237 -192 59 99 -225 -185
75 0 -237 -191 59 99 -223 -179
84 0 -201 -34 43 69 -211 -124
85 0 -201 -34 43 69 -203 -81
86 0 -201 -34 43 69 -197 -50
87 0 -201 -34 43 69 -193 -28
88 0 -188 35 36 68 -187 8
89 0 -188 35 36 68 -182 34
90 0 -188 34 36 68 -180 52
91 0 -188 35 36 68 -179 63
92 0 -188 35 36 68 -178 69
172 0 96 -135 55 99 -86 15
173 0 97 -135 56 99 -12 -29
174 0 97 -136 56 99 42 -66
175 0 97 -136 56 99 83 -94
181 0 -948 280 43 88 -230 19
182 0 -947 280 44 88 -483 111
183 0 -948 280 43 88 -680 183
184 0 -948 280 43 88 -828 237
193 0 -899 364 49 87 -918 303
194 0 -899 364 49 87 -978 351
195 0 -899 365 49 87 -1014 384
196 0 -899 365 49 87 -1031 406
197 0 -888 345 48 80 -1031 411
198 0 -888 345 48 80 -1023 411
199 0 -888 345 48 80 -1010 407
200 0 -889 344 48 79 -994 400
201 0 -875 330 49 77 -973 388
202 0 -875 330 49 77 -953 376
203 0 -875 330 49 77 -935 366
204 0 -875 330 49 77 -919 356
205 0 -875 330 49 77 -906 349
206 0 -861 326 53 71 -891 341
207 0 -861 326 53 71 -879 335
208 0 -861 326 53 71 -870 330
209 0 -861 326 53 71 -863 327
210 0 -848 324 54 78 -854 324
211 0 -848 324 54 78 -848 322
212 0 -848 324 54 78 -843 321
213 0 -849 324 53 78 -841 320
214 0 -835 330 53 81 -835 322
215 0 -835 330 53 81 -832 323
216 0 -835 330 53 81 -829 325
217 0 -835 330 53 81 -828 326
218 0 -823 338 61 78 -823 330
219 0 -823 338 61 78 -820 333
220 0 -823 338 61 78 -818 335
221 0 -823 338 61 78 -817 336
222 0 -810 340 52 81 -813 338
223 0 -810 340 52 81 -809 340
224 0 -810 340 52 81 -807 340
225 0 -810 340 52 80 -806 341
226 0 -810 340 52 80 -805 341
235 0 -771 329 55 81 -792 338
236 0 -771 329 55 81 -782 335
237 0 -771 329 55 81 -775 333
238 0 -772 329 55 81 -770 331
239 0 -764 331 52 80 -764 330
240 0 -765 331 52 80 -760 330
241 0 -765 331 52 80 -758 329
242 0 -764 331 52 81 -757 329
243 0 -213 269 45 56 -576 309
244 0 -213 269 45 56 -433 293
245 0 -213 269 45 56 -324 281
246 0 -213 269 45 56 -245 272
247 0 -213 269 45 56 -189 266
273 0 -668 300 43 78 -302 272
274 0 -668 300 43 78 -399 278
275 0 -668 300 43 78 -480 283
276 0 -668 300 43 78 -545 287
