21 0 -409 -259 60 111 -400 -253
22 0 -409 -259 60 111 -421 -266
23 0 -409 -259 60 111 -418 -265
24 0 -409 -259 60 111 -416 -263
25 0 -409 -259 60 111 -415 -262
26 0 -377 -279 61 94 -397 -272
26 0 -613 -187 344 542 -498 -234
27 0 -377 -279 61 94 -458 -250
27 0 -613 -187 344 542 -526 -224
28 0 -377 -279 61 94 -482 -241
28 0 -613 -187 345 542 -535 -220
29 0 -377 -279 61 94 -491 -237
29 0 -613 -187 344 542 -536 -219
30 0 -376 -279 62 94 -491 -237
30 0 -613 -187 344 542 -533 -220
31 0 -346 -281 64 98 -478 -238
31 0 -607 -196 351 553 -519 -224
32 0 -346 -281 64 98 -466 -241
32 0 -606 -196 350 552 -508 -227
33 0 -346 -281 64 98 -458 -244
33 0 -606 -196 350 552 -502 -229
34 0 -346 -281 64 98 -453 -245
34 0 -607 -196 351 553 -499 -230
35 0 -346 -282 64 97 -451 -246
35 0 -606 -196 350 553 -497 -231
36 0 -319 -280 60 80 -441 -246
37 0 -319 -280 60 80 -396 -258
38 0 -319 -280 60 80 -361 -268
39 0 -319 -280 60 80 -335 -275
40 0 -319 -280 60 80 -317 -280
41 0 -289 -271 58 85 -295 -280
42 0 -289 -270 58 85 -280 -279
43 0 -289 -270 58 85 -270 -278
44 0 -289 -270 58 85 -264 -277
45 0 -289 -270 58 85 -262 -276
51 0 -237 -230 56 94 -245 -262
52 0 -237 -230 56 94 -233 -250
53 0 -237 -230 56 94 -225 -241
54 0 -237 -230 56 94 -221 -235
55 0 -237 -230 56 94 -218 -230
56 0 -210 -202 57 97 -209 -217
57 0 -210 -202 57 97 -203 -208
58 0 -210 -202 57 97 -199 -201
59 0 -210 -202 57 97 -197 -197
60 0 -210 -203 57 97 -197 -195
71 0 -138 -70 44 73 -173 -150
72 0 -138 -70 44 73 -156 -115
73 0 -138 -70 44 73 -143 -89
74 0 -138 -70 44 73 -134 -71
75 0 -138 -70 44 73 -128 -58
81 0 -95 50 44 84 -110 -11
82 0 -95 50 44 84 -98 23
83 0 -95 50 44 84 -89 49
84 0 -95 50 44 84 -83 66
85 0 -95 50 44 84 -80 76
91 0 -59 198 43 66 -67 130
92 0 -59 198 43 66 -58 170
93 0 -59 198 43 66 -52 199
94 0 -59 198 43 66 -48 218
95 0 -59 198 43 66 -46 230
96 0 -42 265 42 85 -40 258
97 0 -42 265 42 85 -36 277
98 0 -43 265 41 85 -34 289
99 0 -43 265 41 85 -33 296
100 0 -43 266 41 85 -33 299
106 0 0 108 38 81 -19 247
107 0 0 108 38 81 -9 205
108 0 0 108 38 81 -2 170
109 0 0 108 38 81 3 143
110 0 0 109 38 82 6 124
121 0 50 -65 38 74 24 52
122 0 50 -65 38 74 38 -1
123 0 50 -65 38 74 48 -42
124 0 50 -65 38 74 54 -70
125 0 50 -66 38 73 59 -89
131 0 53 -79 42 76 62 -105
132 0 53 -79 42 76 64 -114
133 0 53 -79 42 77 64 -118
134 0 53 -79 42 76 64 -119
135 0 53 -79 42 76 63 -117
136 0 4 11 39 74 46 -84
137 0 4 11 39 74 32 -56
138 0 4 11 39 74 21 -33
139 0 4 11 39 74 12 -15
140 0 4 11 39 74 6 -2
146 0 -95 213 40 72 -30 73
147 0 -95 213 40 72 -58 132
148 0 -95 213 40 72 -79 177
149 0 -95 213 40 72 -95 209
150 0 -95 213 40 72 -105 230
