0 -1 -1 0 0 -1 0 0 0
1 -1 -1 0 0 -1 0 0 0
2 -1 -1 0 0 -1 0 0 0
3 -1 -1 0 0 -1 0 0 0
4 -1 -1 0 0 -1 0 0 0
5 -1 -1 0 0 -1 0 0 0
6 -1 -1 0 0 -1 0 0 0
7 -1 -1 0 0 -1 0 0 0
8 -1 -1 0 0 -1 0 0 0
9 -1 -1 0 0 -1 0 0 0
10 -1 -1 0 0 -1 0 0 0
11 -1 -1 0 0 -1 0 0 0
12 -1 -1 0 0 -1 0 0 0
13 -1 -1 0 0 -1 0 0 0
14 -1 -1 0 0 -1 0 0 0
15 -1 -1 0 0 -1 0 0 0
16 -1 -1 0 0 -1 0 0 0
17 -1 -1 0 0 -1 0 0 0
18 -1 -1 0 0 -1 0 0 0
19 -1 -1 0 0 -1 0 0 0
20 -1 -1 0 0 -1 0 0 0
21 -1 -1 0 0 -1 0 0 0
22 -1 -1 0 0 -1 0 0 0
23 -1 -1 0 0 -1 0 0 0
24 -1 -1 0 0 -1 0 0 0
25 -1 -1 0 0 -1 0 0 0
26 -1 -1 0 0 -1 0 0 0
27 -1 -1 0 0 -1 0 0 0
28 -1 -1 0 0 -1 0 0 0
29 -1 -1 0 0 -1 0 0 0
30 -1 -1 0 0 -1 0 0 0
31 -1 -1 0 0 -1 0 0 0
32 -1 -1 0 0 -1 0 0 0
33 -1 -1 0 0 -1 0 0 0
34 -1 -1 0 0 -1 0 0 0
35 -1 -1 0 0 -1 0 0 0
36 -1 -1 0 0 -1 0 0 0
37 -1 -1 0 0 -1 0 0 0
38 -1 -1 0 0 -1 0 0 0
39 -1 -1 0 0 -1 0 0 0
40 -1 -1 0 0 -1 0 0 0
41 -1 -1 0 0 -1 0 0 0
42 -1 -1 0 0 -1 0 0 0
43 -1 -1 0 0 -1 0 0 0
44 -1 -1 0 0 -1 0 0 0
45 -1 -1 0 0 -1 0 0 0
46 -1 -1 0 0 -1 0 0 0
47 -1 -1 0 0 -1 0 0 0
48 -1 -1 0 0 -1 0 0 0
49 -1 -1 0 0 -1 0 0 0
50 -1 -1 0 0 -1 0 0 0
51 -1 -1 0 0 -1 0 0 0
52 -1 -1 0 0 -1 0 0 0
53 -1 -1 0 0 -1 0 0 0
54 -1 -1 0 0 -1 0 0 0
55 -1 -1 0 0 -1 0 0 0
56 -1 -1 0 0 -1 0 0 0
57 -1 -1 0 0 -1 0 0 0
58 -1 -1 0 0 -1 0 0 0
59 -1 -1 0 0 -1 0 0 0
60 -1 -1 0 0 -1 0 0 0
61 -1 -1 0 0 -1 0 0 0
62 -1 -1 0 0 -1 0 0 0
63 -1 -1 0 0 -1 0 0 0
64 -1 -1 0 0 -1 0 0 0
65 -1 -1 0 0 -1 0 0 0
66 -1 -1 0 0 -1 0 0 0
67 -1 -1 0 0 -1 0 0 0
68 -1 -1 0 0 -1 0 0 0
69 -1 -1 0 0 -1 0 0 0
70 -1 -1 0 0 -1 0 0 0
71 -1 -1 0 0 -1 0 0 0
72 -1 -1 0 0 -1 0 0 0
73 -1 -1 0 0 -1 0 0 0
74 -1 -1 0 0 -1 0 0 0
75 -1 -1 0 0 -1 0 0 0
76 -1 -1 0 0 -1 0 0 0
77 -1 -1 0 0 -1 0 0 0
78 -1 -1 0 0 -1 0 0 0
79 -1 -1 0 0 -1 0 0 0
80 -1 -1 0 0 -1 0 0 0
81 -1 -1 0 0 -1 0 0 0
82 -1 -1 0 0 -1 0 0 0
83 -1 -1 0 0 -1 0 0 0
84 -1 -1 0 0 -1 0 0 0
85 -1 -1 0 0 -1 0 0 0
86 -1 -1 0 0 -1 0 0 0
87 -1 -1 0 0 -1 0 0 0
88 -1 -1 0 0 -1 0 0 0
89 -1 -1 0 0 -1 0 0 0
90 -1 -1 0 0 -1 0 0 0
91 -1 -1 0 0 -1 0 0 0
92 -1 -1 0 0 -1 0 0 0
93 -1 -1 0 0 -1 0 0 0
94 -1 -1 0 0 -1 0 0 0
95 -1 -1 0 0 -1 0 0 0
96 -1 -1 0 0 -1 0 0 0
97 -1 -1 0 0 -1 0 0 0
98 -1 -1 0 0 -1 0 0 0
99 -1 -1 0 0 -1 0 0 0
100 -1 -1 0 0 -1 0 0 0
101 -1 -1 0 0 -1 0 0 0
102 -1 -1 0 0 -1 0 0 0
103 -1 -1 0 0 -1 0 0 0
104 -1 -1 0 0 -1 0 0 0
105 -1 -1 0 0 -1 0 0 0
106 -1 -1 0 0 -1 0 0 0
107 -1 -1 0 0 -1 0 0 0
108 -1 -1 0 0 -1 0 0 0
109 -1 -1 0 0 -1 0 0 0
110 -1 -1 0 0 -1 0 0 0
111 -1 -1 0 0 -1 0 0 0
112 -1 -1 0 0 -1 0 0 0
113 -1 -1 0 0 -1 0 0 0
114 -1 -1 0 0 -1 0 0 0
115 -1 -1 0 0 -1 0 0 0
116 -1 -1 0 0 -1 0 0 0
117 -1 -1 0 0 -1 0 0 0
118 -1 -1 0 0 -1 0 0 0
119 -1 -1 0 0 -1 0 0 0
120 -1 -1 0 0 -1 0 0 0
121 -1 -1 0 0 -1 0 0 0
122 -1 -1 0 0 -1 0 0 0
123 -1 -1 0 0 -1 0 0 0
124 1004 592 999 589 0.46 1004 592 1
125 1005 592 1014 597 0.46 1005 592 1
126 1005 592 1011 595 0.46 1005 592 1
127 1008 584 1011 588 0.55 1008 584 1
128 1008 584 1011 585 0.54 1008 584 1
129 1008 584 1010 584 0.54 1008 584 1
130 -1 -1 1009 583 -1 1009 583 0
131 -1 -1 1009 583 -1 1009 583 0
132 -1 -1 1008 583 -1 1008 583 0
133 -1 -1 1008 583 -1 1008 583 0
134 -1 -1 1008 583 -1 1008 583 0
135 -1 -1 1007 583 -1 1007 583 0
136 -1 -1 1007 583 -1 1007 583 0
137 -1 -1 1007 583 -1 1007 583 0
138 -1 -1 1007 583 -1 1007 583 0
139 -1 -1 1007 584 -1 1007 584 0
140 -1 -1 1007 584 -1 1007 584 0
141 -1 -1 1007 584 -1 1007 584 0
142 -1 -1 1007 584 -1 1007 584 0
143 -1 -1 1007 584 -1 1007 584 0
144 -1 -1 1008 584 -1 1008 584 0
145 -1 -1 1008 584 -1 1008 584 0
146 -1 -1 1008 584 -1 1008 584 0
147 -1 -1 1008 583 -1 1008 583 0
148 -1 -1 1008 583 -1 1008 583 0
149 -1 -1 1008 583 -1 1008 583 0
150 -1 -1 1008 583 -1 1008 583 0
151 -1 -1 1008 583 -1 1008 583 0
152 -1 -1 1008 583 -1 1008 583 0
153 -1 -1 1007 583 -1 1007 583 0
154 -1 -1 1007 583 -1 1007 583 0
155 -1 -1 1007 583 -1 1007 583 0
156 -1 -1 1007 584 -1 1007 584 0
157 -1 -1 1007 584 -1 1007 584 0
158 -1 -1 1007 584 -1 1007 584 0
159 -1 -1 1007 584 -1 1007 584 0
160 -1 -1 1007 584 -1 1007 584 0
161 -1 -1 1007 584 -1 1007 584 0
162 -1 -1 1008 584 -1 1008 584 0
163 -1 -1 1008 584 -1 1008 584 0
164 -1 -1 1008 584 -1 1008 584 0
165 -1 -1 1008 583 -1 1008 583 0
166 -1 -1 1008 583 -1 1008 583 0
167 -1 -1 1008 583 -1 1008 583 0
168 -1 -1 1008 583 -1 1008 583 0
169 -1 -1 1008 583 -1 1008 583 0
170 -1 -1 1007 583 -1 1007 583 0
171 -1 -1 1007 583 -1 1007 583 0
172 -1 -1 1007 583 -1 1007 583 0
173 -1 -1 1007 583 -1 1007 583 0
174 -1 -1 1007 584 -1 1007 584 0
175 -1 -1 1007 584 -1 1007 584 0
176 -1 -1 1007 584 -1 1007 584 0
177 -1 -1 1007 584 -1 1007 584 0
178 -1 -1 1007 584 -1 1007 584 0
179 -1 -1 1008 584 -1 1008 584 0
180 -1 -1 1008 584 -1 1008 584 0
181 -1 -1 1008 584 -1 1008 584 0
182 -1 -1 1008 583 -1 1008 583 0
183 -1 -1 1008 583 -1 1008 583 0
184 -1 -1 1008 583 -1 1008 583 0
185 -1 -1 1008 583 -1 1008 583 0
186 -1 -1 1008 583 -1 1008 583 0
187 -1 -1 1008 583 -1 1008 583 0
188 -1 -1 1007 583 -1 1007 583 0
189 -1 -1 1007 583 -1 1007 583 0
190 -1 -1 1007 583 -1 1007 583 0
191 -1 -1 1007 584 -1 1007 584 0
192 -1 -1 1007 584 -1 1007 584 0
193 -1 -1 1007 584 -1 1007 584 0
194 -1 -1 1007 584 -1 1007 584 0
195 -1 -1 1007 584 -1 1007 584 0
196 -1 -1 1008 584 -1 1008 584 0
197 -1 -1 1008 584 -1 1008 584 0
198 -1 -1 1008 584 -1 1008 584 0
199 -1 -1 1008 584 -1 1008 584 0
200 -1 -1 1008 584 -1 1008 584 0
201 -1 -1 1008 584 -1 1008 584 0
202 -1 -1 1008 584 -1 1008 584 0
203 -1 -1 1008 584 -1 1008 584 0
204 -1 -1 1008 584 -1 1008 584 0
205 -1 -1 1008 584 -1 1008 584 0
206 -1 -1 1008 584 -1 1008 584 0
207 -1 -1 1008 584 -1 1008 584 0
208 -1 -1 1008 584 -1 1008 584 0
209 -1 -1 1008 584 -1 1008 584 0
210 -1 -1 1008 584 -1 1008 584 0
211 -1 -1 1008 584 -1 1008 584 0
212 -1 -1 1008 584 -1 1008 584 0
213 -1 -1 1008 584 -1 1008 584 0
214 -1 -1 1008 584 -1 1008 584 0
215 -1 -1 1008 584 -1 1008 584 0
216 -1 -1 1008 584 -1 1008 584 0
217 -1 -1 1008 584 -1 1008 584 0
218 -1 -1 1008 584 -1 1008 584 0
219 575 268 757 401 0.76 757 401 0
220 575 268 614 296 0.76 614 296 0
221 575 268 546 246 0.76 575 268 1
222 590 222 531 203 0.83 590 222 1
223 590 221 537 188 0.84 590 221 1
224 590 221 550 188 0.84 590 221 1
225 607 188 574 176 0.84 607 188 1
226 607 188 590 173 0.84 607 188 1
227 607 188 601 175 0.84 607 188 1
228 624 156 616 160 0.78 624 156 1
229 624 156 624 152 0.78 624 156 1
230 624 156 627 150 0.78 624 156 1
231 642 134 638 137 0.72 642 134 1
232 642 134 644 131 0.72 642 134 1
233 660 121 656 122 0.85 660 121 1
234 660 121 662 117 0.85 660 121 1
235 660 121 664 116 0.85 660 121 1
236 678 116 674 114 0.88 678 116 1
237 678 116 679 113 0.88 678 116 1
238 678 116 681 113 0.88 678 116 1
239 698 121 693 117 0.82 698 121 1
240 697 121 698 119 0.81 697 121 1
241 698 121 700 120 0.82 698 121 1
242 -1 -1 701 121 -1 701 121 0
243 -1 -1 700 121 -1 700 121 0
244 -1 -1 700 121 -1 700 121 0
245 739 152 723 139 0.79 739 152 1
246 739 152 735 149 0.78 739 152 1
247 739 152 742 154 0.79 739 152 1
248 757 180 754 171 0.80 757 180 1
249 757 180 760 181 0.80 757 180 1
250 757 180 761 184 0.79 757 180 1
251 773 210 770 202 0.84 773 210 1
252 773 210 775 211 0.84 773 210 1
253 773 210 776 215 0.84 773 210 1
254 -1 -1 776 215 -1 776 215 0
255 -1 -1 775 214 -1 775 214 0
256 -1 -1 774 213 -1 774 213 0
257 -1 -1 774 212 -1 774 212 0
258 -1 -1 773 211 -1 773 211 0
259 826 358 803 296 0.79 803 296 0
260 826 358 821 344 0.79 821 344 0
261 826 358 829 367 0.79 826 358 1
262 -1 -1 832 375 -1 832 375 0
263 -1 -1 832 375 -1 832 375 0
264 -1 -1 830 371 -1 830 371 0
265 1003 334 931 353 0.46 931 353 0
266 1003 334 988 341 0.47 988 341 0
267 862 484 934 421 0.47 934 421 0
268 876 566 904 515 0.78 904 515 0
269 876 566 886 565 0.78 886 565 0
270 876 566 876 586 0.78 876 566 1
271 -1 -1 872 591 -1 872 591 0
272 -1 -1 871 588 -1 871 588 0
273 -1 -1 871 582 -1 871 582 0
274 -1 -1 872 576 -1 872 576 0
275 -1 -1 873 571 -1 873 571 0
276 -1 -1 874 568 -1 874 568 0
277 -1 -1 875 566 -1 875 566 0
278 -1 -1 875 565 -1 875 565 0
279 -1 -1 876 565 -1 876 565 0
280 -1 -1 876 565 -1 876 565 0
281 -1 -1 876 565 -1 876 565 0
282 -1 -1 876 565 -1 876 565 0
283 -1 -1 876 565 -1 876 565 0
284 -1 -1 876 565 -1 876 565 0
285 929 653 906 616 0.48 906 616 0
286 929 653 924 645 0.48 929 653 1
287 929 654 932 659 0.49 929 654 1
288 927 664 934 670 0.42 927 664 1
289 927 664 933 673 0.42 927 664 1
290 927 664 931 672 0.42 927 664 1
291 -1 -1 930 670 -1 930 670 0
292 -1 -1 928 668 -1 928 668 0
293 -1 -1 927 666 -1 927 666 0
294 929 692 928 681 0.87 929 692 1
295 929 692 928 689 0.87 929 692 1
296 928 692 928 693 0.87 928 692 1
297 931 719 929 710 0.56 931 719 1
298 931 719 930 719 0.57 931 719 1
299 931 720 931 723 0.59 931 720 1
300 929 762 930 749 0.80 929 762 1
301 929 762 929 762 0.80 929 762 1
302 -1 -1 929 767 -1 929 767 0
303 -1 -1 928 769 -1 928 769 0
304 -1 -1 928 768 -1 928 768 0
305 -1 -1 928 766 -1 928 766 0
306 -1 -1 928 764 -1 928 764 0
307 -1 -1 928 763 -1 928 763 0
308 -1 -1 928 762 -1 928 762 0
309 -1 -1 928 762 -1 928 762 0
310 -1 -1 928 761 -1 928 761 0
311 -1 -1 928 761 -1 928 761 0
312 -1 -1 929 761 -1 929 761 0
313 -1 -1 929 761 -1 929 761 0
314 -1 -1 929 761 -1 929 761 0
315 -1 -1 929 761 -1 929 761 0
316 -1 -1 929 761 -1 929 761 0
317 -1 -1 929 761 -1 929 761 0
318 -1 -1 929 761 -1 929 761 0
319 -1 -1 929 762 -1 929 762 0
320 -1 -1 928 762 -1 928 762 0
321 -1 -1 928 762 -1 928 762 0
322 -1 -1 928 762 -1 928 762 0
323 -1 -1 928 762 -1 928 762 0
324 -1 -1 928 762 -1 928 762 0
325 -1 -1 928 762 -1 928 762 0
326 -1 -1 928 762 -1 928 762 0
327 -1 -1 928 762 -1 928 762 0
328 -1 -1 928 761 -1 928 761 0
329 -1 -1 929 761 -1 929 761 0
330 -1 -1 929 761 -1 929 761 0
331 -1 -1 929 761 -1 929 761 0
332 -1 -1 929 761 -1 929 761 0
333 -1 -1 929 761 -1 929 761 0
334 -1 -1 929 761 -1 929 761 0
335 -1 -1 929 761 -1 929 761 0
336 -1 -1 929 761 -1 929 761 0
337 -1 -1 929 762 -1 929 762 0
338 -1 -1 928 762 -1 928 762 0
339 -1 -1 928 762 -1 928 762 0
340 -1 -1 928 762 -1 928 762 0
341 -1 -1 928 762 -1 928 762 0
342 -1 -1 928 762 -1 928 762 0
343 -1 -1 928 762 -1 928 762 0
344 -1 -1 928 762 -1 928 762 0
345 -1 -1 928 761 -1 928 761 0
346 -1 -1 928 761 -1 928 761 0
347 -1 -1 929 761 -1 929 761 0
348 -1 -1 929 761 -1 929 761 0
349 -1 -1 929 761 -1 929 761 0
